-61957
-60455
-57061
-56673
-55665
-52851
-52775
-52165
-52066
-51705
-46355
-46304
-45061
-43943
-43053
-39490
-38680
-38400
-38221
-37453
-35969
-34601
-33013
-32465
-31694
-29806
-29348
-29172
-28582
-27207
-25535
-25300
-25147
-24594
-21187
-17366
-15752
-15179
-13115
-11948
-10858
-10757
-5007
-4448
-4193
-699
1926
2254
2270
4544
7826
9249
11461
12543
12807
15029
15307
15517
15576
18113
18211
20071
20869
22452
27275
29158
31677
32205
34149
34281
34684
36522
38089
38187
38833
38919
39268
42532
42671
42702
44597
45274
46319
47282
47451
48278
51094
51558
52207
52553
52977
53985
55369
56705
59039
59893
59902
61420
62111
64632
